initial: 6
0.00024 0.10274 0.09692 0.21027 0.00000 0.58982

transition: 6
0.20252 0.20222 0.59504 0.00000 0.00022 0.00000
0.00583 0.28907 0.51630 0.00000 0.00023 0.18856
0.49571 0.00509 0.19802 0.30118 0.00000 0.00000
0.20054 0.00001 0.00090 0.59898 0.00000 0.19957
0.00000 0.10090 0.00000 0.00000 0.50245 0.39665
0.39769 0.00000 0.00000 0.00000 0.30198 0.30033

observation: 6
0.49520 0.69965 0.30293 0.10024 0.00000 0.09951
0.00145 0.00123 0.39859 0.09986 0.10266 0.09584
0.00000 0.29906 0.20013 0.19640 0.09867 0.30098
0.50335 0.00007 0.09831 0.00000 0.00226 0.40242
0.00000 0.00000 0.00004 0.60350 0.00148 0.10125
0.00000 0.00000 0.00000 0.00000 0.79494 0.00000
