initial: 6
0.50726 0.49274 0.00000 0.00000 0.00000 0.00000

transition: 6
0.29178 0.50843 0.00583 0.19391 0.00000 0.00005
0.00024 0.50260 0.19920 0.00000 0.00000 0.29796
0.00379 0.00009 0.20338 0.78621 0.00000 0.00653
0.00024 0.00035 0.00434 0.28113 0.51303 0.20091
0.00000 0.00000 0.00000 0.00000 0.50115 0.49885
0.59851 0.00000 0.20729 0.19420 0.00000 0.00000

observation: 6
0.00046 0.29942 0.00145 0.10005 0.29890 0.09839
0.10010 0.39641 0.00000 0.10124 0.00000 0.10064
0.40419 0.20016 0.48936 0.29610 0.30210 0.00000
0.49525 0.10401 0.50734 0.40264 0.00000 0.00000
0.00000 0.00000 0.00185 0.09997 0.00000 0.80097
0.00000 0.00000 0.00000 0.00000 0.39900 0.00000
