initial: 6
0.71964 0.00042 0.09181 0.18812 0.00000 0.00000

transition: 6
0.30894 0.00042 0.49412 0.00003 0.00000 0.19649
0.00114 0.19847 0.80020 0.00020 0.00000 0.00000
0.00015 0.49921 0.20182 0.29882 0.00000 0.00000
0.00000 0.20142 0.00001 0.59808 0.00000 0.20049
0.10419 0.00000 0.00000 0.00000 0.49766 0.39815
0.00000 0.39354 0.00000 0.00000 0.30000 0.30646

observation: 6
0.99529 0.49838 0.29805 0.09830 0.00008 0.09943
0.00242 0.00001 0.39927 0.10015 0.10415 0.09668
0.00229 0.00194 0.20073 0.80155 0.09054 0.30870
0.00000 0.49956 0.10193 0.00000 0.00339 0.39600
0.00000 0.00011 0.00003 0.00000 0.00157 0.09919
0.00000 0.00000 0.00000 0.00000 0.80027 0.00000
