initial: 6
0.71801 0.00250 0.09195 0.18754 0.00000 0.00000

transition: 6
0.29708 0.00672 0.50697 0.00007 0.00000 0.18915
0.19947 0.20076 0.59941 0.00000 0.00035 0.00000
0.00230 0.49574 0.20244 0.29951 0.00000 0.00000
0.00000 0.20150 0.00143 0.59713 0.00000 0.19994
0.10652 0.00000 0.00000 0.00000 0.50074 0.39274
0.00007 0.39407 0.00000 0.00000 0.30348 0.30238

observation: 6
0.69538 0.49804 0.30269 0.09981 0.00002 0.09796
0.00137 0.00018 0.39815 0.09940 0.10234 0.09719
0.30325 0.00006 0.20023 0.19616 0.09844 0.30130
0.00000 0.50172 0.09891 0.00000 0.00031 0.40414
0.00000 0.00000 0.00002 0.60463 0.00222 0.09940
0.00000 0.00000 0.00000 0.00000 0.79667 0.00000
